блоки_0000_Слой9 = 0 313 304 103
блоки_0001_Слой58(2)(2) = 0 769 302 77
блоки_0002_Слой58(2) = 1237 0 86 300
блоки_0003_Слой58(3) = 612 608 301 77
блоки_0004_Слой58 = 1005 427 77 300
блоки_0005_Слой-1(5)(2) = 307 606 301 300
блоки_0006_Слой60(2)(2) = 0 157 308 52
блоки_0007_Слой60(2) = 0 213 308 43
блоки_0008_Слой60 = 1278 608 43 299
блоки_0009_Слой61 = 1216 304 59 299
блоки_0010_Слой14(2)(2)(2)(2)-копія-2(2)(3 = 0 466 303 299
блоки_0012_Слой55(2)(2)(2)(2) = 612 689 301 70
блоки_0013_Слой55(2)(2)(2) = 0 850 301 61
блоки_0014_Слой55(2)(2) = 1279 304 58 300
блоки_0015_Слой55(2) = 1341 303 58 300
блоки_0016_Слой-1(5)(3) = 616 304 301 300
блоки_0018_Слой14(2)(2)(2)(2)-копія-2(2)(3 = 625 0 304 300
блоки_0019_Слой59(2) = 1086 427 69 300
блоки_0020_Слой59 = 1159 607 56 300
блоки_0021_Слой31(2) = 933 0 300 300
блоки_0022_Слой57-копия = 612 763 301 43
блоки_0023_Слой57 = 0 420 304 42
блоки_0024_Слой56(2) = 1327 0 80 299
блоки_0025_Слой56 = 921 427 80 299
блоки_0026_Слой17(3) = 1219 607 55 300
блоки_0027_Слой17(2) = 0 0 310 55
блоки_0028_Слой17 = 1403 303 57 300
блоки_0029_Слой8(3)(2) = 0 260 306 49
блоки_0030_Слой53(2) = 310 303 302 299
блоки_0031_Слой8 = 0 59 309 94
блоки_0032_Слой6 = 1411 0 51 288
блоки_0033_Слой7 = 921 304 291 119
блоки_0034_Слой4-kопировать-2(2)(2)(2)(2)( = 314 0 307 299
